0.0347390000
0.1383250000
0.3093380000
0.5460455000
0.8464150000
1.2081285000
1.6285975000
2.1049800000
2.6341965000
3.2129490000
3.8377400000
4.5048920000
5.2105685000
5.9507945000
6.7214780000
7.5184320000
8.3373965000
9.1740590000
10.0240770000
10.8831005000
11.7467925000
12.6108510000
13.4710290000
14.3231545000
15.1631510000
15.9870550000
16.7910345000
17.5714060000
18.3246510000
19.0474310000
19.7366005000
20.3892210000
21.0025725000
21.5741640000
22.1017425000
22.5833005000
23.0170830000
23.4015935000
23.7355970000
24.0181220000
24.2484635000
24.4261820000
24.5511015000
24.6233085000
24.6493750000
24.6813090000
24.7641730000
24.8968860000
25.0781365000
25.3063915000
25.5799075000
25.8967420000
26.2547660000
26.6516765000
27.0850095000
27.5521550000
28.0503720000
28.5768025000
29.1284885000
29.7023870000
30.2953860000
30.9043215000
31.5259925000
32.1571780000
32.7946530000
33.4352045000
34.0756470000
34.7128380000
35.3436920000
35.9651955000
36.5744210000
37.1685400000
37.7448360000
38.3007155000
38.8337200000
39.3415355000
39.8220020000
40.2731230000
40.6930725000
41.0802020000
41.4330455000
41.7503245000
42.0309520000
42.2740360000
42.4788805000
42.6449860000
42.7720500000
42.8599655000
42.9088200000
42.9281185000
42.9563660000
43.0222870000
43.1250590000
43.2636890000
43.4370215000
43.6437455000
43.8824040000
44.1514025000
44.4490185000
44.7734120000
