0.0000000000
0.1835920000
0.2299106667
0.5886880000
0.7249093333
1.2472706667
1.4683746667
2.1398386667
2.4392833333
3.2428433333
3.6127333333
4.5292560000
4.9605306667
5.9691853333
6.4518260000
7.5305353333
8.0537860000
9.1796900000
9.7322880000
10.8822066667
11.4526120000
12.6035080000
13.1801380000
14.3095606667
14.8810166667
15.9675260000
16.5228100000
17.5463646667
18.0750826667
19.0173973333
19.5099466667
20.3547973333
20.8025326667
21.5360233333
21.9314000000
22.5421693333
22.8788620000
23.3582393333
23.6312313333
23.9733326667
24.1789820000
24.3807553333
24.5168266667
24.5780333333
24.6437060000
24.7205593333
24.7247113333
24.9344953333
25.0065540000
25.3416833333
25.4784586667
25.9291040000
26.1262273333
26.6805700000
26.9326126667
27.5771220000
27.8777280000
28.5974733333
28.9395080000
29.7184866667
30.0941953333
30.9156713333
31.3168473333
32.1636953333
32.5818520000
33.4369040000
33.8634466667
34.7098280000
35.1362253333
35.9576720000
36.3756200000
37.1567826667
37.5583600000
38.2850786667
38.6628920000
39.3224400000
39.6697533333
40.2510466667
40.5618946667
41.0556680000
41.3249540000
41.7238886667
41.9474600000
42.2462786667
42.4209813333
42.6164960000
42.7402126667
42.8313313333
42.9029926667
42.9152953333
42.9348753333
43.0476406667
43.0791526667
43.2875393333
43.3681860000
43.6656166667
43.7925333333
44.1708706667
44.3403666667
44.3403666667
44.5090206667
